{"@class":"BaseSkinController","id":{"uuid":"28F61F5C-2EA6-4ECB-8DE2-48BECDB70C64"},"boneInfoCollection":[{"@class":"BoneInfo","index":0,"offset":{"values":[1.0,-1.5566392619348335e-9,5.446577233669814e-8,0.0,5.4465775889411819e-8,7.152557373046875e-7,-0.9999999403953552,0.0,1.556601958441206e-9,0.9999999403953552,7.152557373046875e-7,0.0,-0.5967549681663513,0.3380456566810608,2.4881865978240969,1.0]}},{"@class":"BoneInfo","index":1,"offset":{"values":[1.0,-1.5566392619348335e-9,5.446577233669814e-8,0.0,5.4465775889411819e-8,7.152557373046875e-7,-0.9999999403953552,0.0,1.556601958441206e-9,0.9999999403953552,7.152557373046875e-7,0.0,-0.5966944098472595,1.142357349395752,2.564418077468872,1.0]}},{"@class":"BoneInfo","index":2,"offset":{"values":[1.0,-1.5566392619348335e-9,5.446577233669814e-8,0.0,5.4465775889411819e-8,7.152557373046875e-7,-0.9999999403953552,0.0,1.556601958441206e-9,0.9999999403953552,7.152557373046875e-7,0.0,-0.5965259671211243,0.5979031324386597,2.169682502746582,1.0]}},{"@class":"BoneInfo","index":3,"offset":{"values":[1.0,-1.5566392619348335e-9,5.446577233669814e-8,0.0,5.4465775889411819e-8,7.152557373046875e-7,-0.9999999403953552,0.0,1.556601958441206e-9,0.9999999403953552,7.152557373046875e-7,0.0,-0.5965580940246582,0.3399468660354614,1.7468101978302003,1.0]}},{"@class":"BoneInfo","index":4,"offset":{"values":[-1.1920928955078126e-7,1.0000001192092896,0.000001080334186553955,0.0,-0.9841529726982117,-3.576278118089249e-7,0.17732110619544984,0.0,0.17732112109661103,-0.000001050531750479422,0.9841529726982117,0.0,-0.10034602135419846,-0.6396048069000244,-0.23588579893112184,1.0]}},{"@class":"BoneInfo","index":5,"offset":{"values":[-0.06670034676790238,0.88733971118927,0.45626696944236758,0.0,-0.9961963891983032,-0.033528443425893787,-0.08042549341917038,0.0,-0.056066788733005527,-0.4598959684371948,0.8862011432647705,0.0,-0.000036672605347121137,0.017024071887135507,-0.5179069638252258,1.0]}},{"@class":"BoneInfo","index":6,"offset":{"values":[7.748603820800781e-7,1.0,0.000001080334186553955,0.0,-0.9838718175888062,5.960463909104874e-7,0.1788746863603592,0.0,0.17887470126152039,-0.0000012218952178955079,0.9838718771934509,0.0,-0.10072001069784165,-1.5691215991973878,-0.23572713136672975,1.0]}},{"@class":"BoneInfo","index":7,"offset":{"values":[4.76837158203125e-7,-1.0,0.00006705895066261292,0.0,0.9972900152206421,-0.000004410743713378906,-0.07357138395309448,0.0,0.07357139885425568,0.00006690995360258967,0.9972901940345764,0.0,-0.008914456702768803,-0.6393500566482544,-0.24994438886642457,1.0]}},{"@class":"BoneInfo","index":8,"offset":{"values":[5.364418029785156e-7,-1.0000001192092896,0.00006804615259170532,0.0,0.9972813129425049,-0.000004529952548182337,-0.07368882745504379,0.0,0.07368883490562439,0.00006790459156036377,0.9972812533378601,0.0,-0.00894390232861042,-1.5676623582839966,-0.24994125962257386,1.0]}},{"@class":"BoneInfo","index":9,"offset":{"values":[0.007726670242846012,-0.8873682022094727,-0.4609968662261963,0.0,0.9982943534851074,0.03352433815598488,-0.04779853671789169,0.0,0.05786951631307602,-0.45984119176864626,0.886113703250885,0.0,-0.000040417762647848579,0.01947244629263878,-0.5166829228401184,1.0]}},{"@class":"BoneInfo","index":10,"offset":{"values":[0.00030529493233188987,0.9999998211860657,-8.800996624813706e-7,0.0,-0.9997790455818176,0.00030517569393850863,-0.021005989983677865,0.0,-0.02100599743425846,0.0000072941193138831299,0.999779462814331,0.0,-0.1443488746881485,-3.3623478412628176,-0.25424256920814516,1.0]}},{"@class":"BoneInfo","index":11,"offset":{"values":[0.000490546110086143,0.9999997019767761,1.33179099748304e-7,0.0,-0.9997783899307251,0.0004904269007965922,-0.021035077050328256,0.0,-0.021035078912973405,0.000010184943675994873,0.9997787475585938,0.0,-0.14490164816379548,-3.2397384643554689,-0.2542512118816376,1.0]}},{"@class":"BoneInfo","index":12,"offset":{"values":[-0.0007147788419388235,0.9999997019767761,1.2572853336223489e-7,0.0,-0.9997785091400147,-0.0007146595744416118,-0.021027080714702607,0.0,-0.021027078852057458,-0.000015153551430557855,0.9997790455818176,0.0,-0.14109236001968385,-3.1141180992126467,-0.254249632358551,1.0]}},{"@class":"BoneInfo","index":13,"offset":{"values":[-0.11561454832553864,0.9931582808494568,0.01644422672688961,0.0,-0.9931342601776123,-0.11528310924768448,-0.019849231466650964,0.0,-0.01781768910586834,-0.01862618327140808,0.9996678829193115,0.0,0.26506856083869936,-2.7263317108154299,-0.296094685792923,1.0]}},{"@class":"BoneInfo","index":14,"offset":{"values":[0.002143740886822343,0.9999978542327881,3.0174854259712449e-7,0.0,-0.9993550777435303,0.002142369281500578,-0.0358399897813797,0.0,-0.03583991900086403,0.00007653050852240995,0.9993576407432556,0.0,-0.24684570729732514,-3.0770387649536135,-0.25101765990257265,1.0]}},{"@class":"BoneInfo","index":15,"offset":{"values":[-0.0008623601170256734,0.9999998211860657,-7.729978506176849e-7,0.0,-0.9993540048599243,-0.0008617637795396149,-0.035925935953855517,0.0,-0.035925935953855517,-0.000030204657377908008,0.9993546009063721,0.0,-0.23748533427715302,-3.1803629398345949,-0.25103485584259035,1.0]}},{"@class":"BoneInfo","index":16,"offset":{"values":[0.39006173610687258,0.8397282958030701,0.37776756286621096,0.0,-0.9171895384788513,0.3180941045284271,0.23995697498321534,0.0,0.08133303374052048,-0.4400825798511505,0.8942664861679077,0.0,-1.0828957557678223,-2.3257229328155519,-1.2685952186584473,1.0]}},{"@class":"BoneInfo","index":17,"offset":{"values":[0.29508718848228457,-0.8880133032798767,-0.3526413142681122,0.0,0.9384733438491821,0.20006980001926423,0.28149518370628359,0.0,-0.1794186234474182,-0.4140101373195648,0.8924148678779602,0.0,0.7735371589660645,-2.4312551021575929,-1.1949959993362427,1.0]}},{"@class":"BoneInfo","index":18,"offset":{"values":[0.5675126314163208,-0.7465687990188599,-0.3472233712673187,0.0,0.8220473527908325,0.4899134039878845,0.2902113199234009,0.0,-0.0465533547103405,-0.45013272762298586,0.8917471766471863,0.0,1.5291223526000977,-2.1633856296539308,-1.180490255355835,1.0]}},{"@class":"BoneInfo","index":19,"offset":{"values":[-0.1450699418783188,-0.9890366792678833,-0.02758936770260334,0.0,0.9894161224365234,-0.1451016217470169,-0.0008594708051532507,0.0,-0.0031532139983028175,-0.02742205560207367,0.9996188879013062,0.0,-0.3875422477722168,-2.7061800956726076,-0.3256622552871704,1.0]}},{"@class":"BoneInfo","index":20,"offset":{"values":[0.6813576221466065,-0.6382380127906799,-0.35833480954170229,0.0,0.7301850914955139,0.6266716122627258,0.2722357213497162,0.0,0.05080706626176834,-0.447140634059906,0.8930193781852722,0.0,1.8868814706802369,-1.9994876384735108,-1.2102082967758179,1.0]}},{"@class":"BoneInfo","index":21,"offset":{"values":[-0.0021824834402650596,-0.9999975562095642,0.0000689019143464975,0.0,0.9999961853027344,-0.0021823637653142215,0.0015314770862460137,0.0,-0.001531323534436524,0.00007224397268146276,0.9999988079071045,0.0,-0.1197766363620758,-3.017662525177002,-0.23785413801670075,1.0]}},{"@class":"BoneInfo","index":22,"offset":{"values":[-0.0004020927590318024,-0.9999995827674866,0.00007001598714850843,0.0,0.9999940991401672,-0.0004023311485070735,-0.003269535955041647,0.0,0.0032695650588721039,0.0000687009742250666,0.9999944567680359,0.0,0.2017580270767212,-2.989802122116089,-0.23867684602737428,1.0]}},{"@class":"BoneInfo","index":23,"offset":{"values":[0.5383021235466003,0.7540872693061829,0.37627530097961428,0.0,-0.842749297618866,0.4805965721607208,0.24248744547367097,0.0,0.0020200309809297325,-0.44763731956481936,0.8942127823829651,0.0,-1.4991915225982667,-2.218532085418701,-1.26445472240448,1.0]}},{"@class":"BoneInfo","index":24,"offset":{"values":[0.5956228375434876,0.7083632946014404,0.37875404953956606,0.0,-0.8023416996002197,0.5472396612167358,0.23827745020389558,0.0,-0.038482245057821277,-0.44581377506256106,0.8942980170249939,0.0,-1.6841884851455689,-2.230564594268799,-1.271332025527954,1.0]}},{"@class":"BoneInfo","index":25,"offset":{"values":[-0.0005075932131148875,1.0,-2.738088653586601e-7,0.0,-0.999890148639679,-0.0005074739456176758,-0.01481684297323227,0.0,-0.01481684297323227,-0.00000724662186257774,0.9998903274536133,0.0,0.06457562744617462,-3.1057705879211427,-0.24164561927318574,1.0]}},{"@class":"BoneInfo","index":26,"offset":{"values":[-0.00035893917083740234,1.0,9.145587682723999e-7,0.0,-0.9997997283935547,-0.00035881990334019065,-0.02000400610268116,0.0,-0.02000400610268116,-0.000008091329618764576,0.9997998476028442,0.0,-0.05079790577292442,-3.1166064739227297,-0.25103121995925906,1.0]}},{"@class":"BoneInfo","index":27,"offset":{"values":[0.0006301401881501079,0.9999997019767761,9.043140494213731e-7,0.0,-0.9997996091842651,0.0006300804670900106,-0.019992079585790635,0.0,-0.019992081448435785,0.00001169461575045716,0.9998000264167786,0.0,-0.053971268236637118,-3.2557811737060549,-0.2510310709476471,1.0]}},{"@class":"BoneInfo","index":28,"offset":{"values":[-0.0003745556459762156,1.0000001192092896,-0.0000012773090247719666,0.0,-0.9998900890350342,-0.0003745555877685547,-0.014827843755483628,0.0,-0.014827843755483628,-0.0000042761680560943209,0.9998902082443237,0.0,0.06421621143817902,-3.2433547973632814,-0.24164167046546937,1.0]}},{"@class":"BoneInfo","index":29,"offset":{"values":[-0.0011043547419831157,-0.9999993443489075,0.00006947211659280583,0.0,0.9999984502792358,-0.0011043546255677939,-0.0011612506350502372,0.0,0.0011613268870860339,0.00006818969268351793,0.9999993443489075,0.0,0.09367036819458008,-3.019188404083252,-0.2503054440021515,1.0]}},{"@class":"BoneInfo","index":30,"offset":{"values":[5.960463056453591e-8,-0.9999997019767761,0.0000692345347488299,0.0,0.9999998211860657,5.960463766996327e-8,-4.370667383568616e-8,0.0,4.370667383568616e-8,0.00006923454202478752,0.9999998807907105,0.0,0.009507587179541588,-3.0237460136413576,-0.24991223216056825,1.0]}},{"@class":"BoneInfo","index":31,"offset":{"values":[-0.0005455016507767141,-0.9999998211860657,0.00006995052535785362,0.0,0.9999985694885254,-0.0005453823250718415,0.0014423092361539603,0.0,-0.0014422712847590447,0.00007073715096339583,0.9999989867210388,0.0,-0.11493407934904099,-3.15112042427063,-0.23784005641937257,1.0]}},{"@class":"BoneInfo","index":32,"offset":{"values":[0.00024783602566458285,-0.9999996423721314,0.0000700149466865696,0.0,0.9999940395355225,0.00024759754887782037,-0.003273350652307272,0.0,0.003273334354162216,0.00007082590309437364,0.9999943971633911,0.0,0.2037241905927658,-3.0906126499176027,-0.23867733776569367,1.0]}},{"@class":"BoneInfo","index":33,"offset":{"values":[0.0003287195577286184,-0.9999999403953552,0.00007002100755926222,0.0,0.9999942779541016,0.0003285406273789704,-0.0032553509809076788,0.0,0.003255329094827175,0.00007109121361281723,0.9999945163726807,0.0,0.20400375127792359,-3.169464349746704,-0.23867303133010865,1.0]}},{"@class":"BoneInfo","index":34,"offset":{"values":[0.0014625188196077943,-0.9999986290931702,0.0000694970804033801,0.0,0.9999980330467224,0.001462459214963019,-0.0011442505056038499,0.0,0.0011441480601206422,0.00007117051427485421,0.999999463558197,0.0,0.10161612182855606,-3.1464366912841799,-0.25030261278152468,1.0]}},{"@class":"BoneInfo","index":35,"offset":{"values":[5.960462345910855e-8,-0.9999995827674866,0.00007127189019229263,0.0,0.9999997019767761,5.960463056453591e-8,-4.369575279383753e-8,0.0,4.3695759899264888e-8,0.00007127191202016547,0.9999998807907105,0.0,0.009508041664958,-3.156816244125366,-0.24990642070770265,1.0]}},{"@class":"BoneInfo","index":36,"offset":{"values":[0.0013236991362646223,-0.9999985694885254,0.00007130140147637576,0.0,0.9999983310699463,0.0013236396480351687,-0.0008815232431516051,0.0,0.000881428481079638,0.00007246832683449611,0.999999463558197,0.0,0.013637816533446312,-3.2878170013427736,-0.2499150186777115,1.0]}},{"@class":"BoneInfo","index":37,"offset":{"values":[0.001108527067117393,0.9999993443489075,-0.0000023501922896684848,0.0,-0.9998902082443237,0.0011084077414125205,-0.0147629976272583,0.0,-0.014762988314032555,0.000018716324120759965,0.9998910427093506,0.0,0.05923892930150032,-3.376370668411255,-0.241641566157341,1.0]}},{"@class":"BoneInfo","index":38,"offset":{"values":[5.960463056453591e-8,-0.9999997019767761,0.00006901792949065566,0.0,0.9999997019767761,5.960463056453591e-8,-4.3692114815030439e-8,0.0,4.369212902588515e-8,0.0000690179513185285,1.0000001192092896,0.0,0.09729959815740586,-3.2690887451171877,-0.2501932680606842,1.0]}},{"@class":"BoneInfo","index":39,"offset":{"values":[0.0038543925620615484,-0.9999922513961792,0.00006867145566502586,0.0,0.999990701675415,0.0038545108400285246,0.0016053144354373217,0.0,-0.0016055679880082608,0.00006248329009395093,0.9999985098838806,0.0,-0.10052650421857834,-3.2814648151397707,-0.2378639429807663,1.0]}},{"@class":"BoneInfo","index":40,"offset":{"values":[-0.0002967118052765727,0.9999995827674866,-9.965147995671941e-8,0.0,-0.9997993111610413,-0.00029659256688319147,-0.020007077604532243,0.0,-0.02000707946717739,-0.000005835665888298536,0.9997996091842651,0.0,-0.050914522260427478,-3.382761240005493,-0.2510266602039337,1.0]}},{"@class":"BoneInfo","index":41,"offset":{"values":[-0.002519488101825118,0.9999969005584717,-4.097819044091011e-7,0.0,-0.9993562698364258,-0.0025179374497383835,-0.03577820956707001,0.0,-0.035778116434812549,-0.00008972921204986051,0.9993598461151123,0.0,-0.23205189406871797,-3.261950969696045,-0.251000314950943,1.0]}},{"@class":"BoneInfo","index":42,"offset":{"values":[1.0000001192092896,-2.0116597454489239e-7,4.419708545810863e-7,0.0,4.4197071247253918e-7,1.7881389169360774e-7,-0.9999997019767761,0.0,2.0116587506890938e-7,0.9999999403953552,1.7881393432617188e-7,0.0,-3.2477476596832277,0.03329604119062424,0.12367017567157746,1.0]}}]}